7
2
0.010597 3.99838 -1.02738
0.00275713 3.99906 -0.99522
-0.0163031 4.00236 -0.928005
-0.0226565 4.00393 -0.900992
-0.0226565 4.00393 -0.900992
-0.0290099 4.00551 -0.873978
-0.0431251 4.00911 -0.809458
-0.0473136 4.01019 -0.791581

0.942028
2
0 0 0
-0.0778957 4.00345 -0.745625
-0.120435 4.00365 -0.683892
-0.168629 3.98899 -0.683739
-0.168629 3.98899 -0.683739
-0.216822 3.97432 -0.683586
-0.243778 3.97943 -0.707777
-0.256322 3.96378 -0.734738

0.993444
2
0 0 0
-0.0585106 4.01917 -0.728062
-0.0809548 4.05576 -0.679211
-0.112718 4.08323 -0.690488
-0.112718 4.08323 -0.690488
-0.144482 4.1107 -0.701765
-0.140878 4.09386 -0.747971
-0.158011 4.10352 -0.775991

0.988214
2
0 0 0
-0.0295189 4.02049 -0.749404
-0.0348635 4.00891 -0.700699
-0.0297931 3.9843 -0.6546
-0.0297931 3.9843 -0.6546
-0.0247227 3.95968 -0.608501
-0.0169541 3.92291 -0.622043
-0.0179781 3.89561 -0.642579

0.566794
2
0 0 0
-0.0626327 4.00893 -0.843645
-0.105398 3.99403 -0.794495
-0.166395 3.99209 -0.797196
-0.166395 3.99209 -0.797196
-0.227392 3.99015 -0.799898
-0.226057 3.99386 -0.847112
-0.23747 3.98193 -0.875874

0.355928
2
0 0 0
-0.0128701 3.98364 -0.906668
-0.0227426 3.99028 -0.879284
-0.0238767 3.96191 -0.841235
-0.0238767 3.96191 -0.841235
-0.0250108 3.93353 -0.803186
-0.0278445 3.91325 -0.794187
-0.0146491 3.88159 -0.791289

0.180699
2
0 0 0
0.00566507 3.98221 -0.970348
-0.00159683 3.98027 -0.956811
0.00154927 3.97097 -0.951478
0.00154927 3.97097 -0.951478
0.00469536 3.96167 -0.946146
-0.00588629 3.94057 -0.936675
-0.0144112 3.93321 -0.938312

0.211937
2
0 0 0
-0.00271137 3.99548 -0.957672
-0.0300787 3.9796 -0.950001
-0.0503055 3.96867 -0.950177
-0.0503055 3.96867 -0.950177
-0.0705322 3.95774 -0.950354
-0.0833062 3.95687 -0.969908
-0.0843122 3.9526 -0.980596
