7
2
0.0119788 3.99634 -1.03169
0.00129861 3.99779 -0.989109
-0.0134635 4.00074 -0.933075
-0.0197389 4.00417 -0.886376
-0.0197389 4.00417 -0.886376
-0.0260143 4.0076 -0.839677
-0.0339537 4.00953 -0.800193
-0.0464364 4.01082 -0.762161

0.945506
2
0 0 0
-0.0651683 3.97722 -0.727302
-0.105243 3.98096 -0.668927
-0.133323 3.94973 -0.658715
-0.133323 3.94973 -0.658715
-0.161404 3.9185 -0.648502
-0.199224 3.90161 -0.674434
-0.21348 3.88145 -0.699064

0.987755
2
0 0 0
-0.0439318 4.00248 -0.707538
-0.0863778 4.04677 -0.663223
-0.116431 4.05654 -0.629021
-0.116431 4.05654 -0.629021
-0.146484 4.06632 -0.594819
-0.168377 4.05952 -0.61818
-0.198165 4.06839 -0.625568

0.952539
2
0 0 0
-0.0370833 4.02917 -0.732447
-0.0249192 4.03395 -0.678325
0.00969209 4.01498 -0.634129
0.00969209 4.01498 -0.634129
0.0443033 3.99601 -0.589933
0.0771515 3.99141 -0.648673
0.084595 3.97139 -0.666123

0.497944
2
0 0 0
-0.048598 3.99655 -0.857778
-0.0964391 3.98531 -0.795102
-0.145286 3.97167 -0.792012
-0.145286 3.97167 -0.792012
-0.194132 3.95804 -0.788923
-0.217416 3.96589 -0.828727
-0.218767 3.95119 -0.843253

0.264891
2
0 0 0
-0.00841405 3.99723 -0.916641
-0.0278458 3.97347 -0.88369
-0.0419895 3.96643 -0.858951
-0.0419895 3.96643 -0.858951
-0.0561332 3.95938 -0.834213
-0.0683947 3.9034 -0.81573
-0.0875459 3.89562 -0.808706

0.204465
2
0 0 0
-0.0165332 3.98453 -0.952313
-0.0288272 3.96865 -0.939891
-0.0481254 3.96068 -0.947528
-0.0481254 3.96068 -0.947528
-0.0674237 3.9527 -0.955165
-0.0665133 3.9518 -0.95998
-0.0744124 3.95015 -0.969628

0.141441
2
0 0 0
0.0113983 3.98008 -0.958722
0.0092181 3.96788 -0.951873
0.0104161 3.95704 -0.945804
0.0104161 3.95704 -0.945804
0.0116141 3.9462 -0.939735
0.0181327 3.93841 -0.937411
0.0142753 3.92484 -0.943303
