7
2
0.00850285 3.99891 -1.04514
0.00245801 3.99982 -0.988314
-0.0151469 4.00151 -0.915224
-0.0233036 4.00555 -0.874792
-0.0233036 4.00555 -0.874792
-0.0314604 4.00959 -0.834361
-0.0429866 4.00919 -0.786057
-0.0508456 4.00736 -0.756387

0.999269
2
0 0 0
-0.0745577 3.99999 -0.721773
-0.118322 3.98498 -0.673343
-0.155592 3.96961 -0.661629
-0.155592 3.96961 -0.661629
-0.192862 3.95425 -0.649915
-0.212816 3.93017 -0.701271
-0.233511 3.91847 -0.713482

0.9399
2
0 0 0
-0.0379208 4.0224 -0.737467
-0.0175083 4.01615 -0.668361
-0.00654132 3.99227 -0.632468
-0.00654132 3.99227 -0.632468
0.00442562 3.96838 -0.596575
0.0344369 3.93453 -0.635469
0.0405425 3.92696 -0.649488

0.981671
2
0 0 0
-0.0529871 4.02687 -0.726561
-0.0716395 4.04383 -0.668535
-0.101941 4.05573 -0.647959
-0.101941 4.05573 -0.647959
-0.132242 4.06763 -0.627383
-0.156572 4.07027 -0.63661
-0.17921 4.07472 -0.651133

0.478677
2
0 0 0
-0.0559201 4.01039 -0.857078
-0.0910026 3.97987 -0.810434
-0.141536 3.97391 -0.794167
-0.141536 3.97391 -0.794167
-0.192069 3.96795 -0.777901
-0.210987 3.95449 -0.823965
-0.223765 3.96689 -0.85217

0.310462
2
0 0 0
-0.0237453 3.97752 -0.899292
-0.0264674 3.97113 -0.867919
-0.0422178 3.96084 -0.845284
-0.0422178 3.96084 -0.845284
-0.0579682 3.95055 -0.822648
-0.0456298 3.89921 -0.805194
-0.0726271 3.88992 -0.808068

0.192689
2
0 0 0
-0.0202396 3.98443 -0.957999
-0.024338 3.97162 -0.946996
-0.0455084 3.96223 -0.950198
-0.0455084 3.96223 -0.950198
-0.0666787 3.95284 -0.9534
-0.0718445 3.9406 -0.968377
-0.0865956 3.95116 -0.975347

0.211159
2
0 0 0
0.00163038 3.97641 -0.9603
0.00860225 3.96819 -0.961771
0.00722632 3.9568 -0.947617
0.00722632 3.9568 -0.947617
0.00585038 3.94542 -0.933464
-0.0117436 3.93912 -0.953601
-0.00165701 3.91993 -0.935279
