7
2
0.00983645 3.99887 -1.02618
-0.0009131 3.99853 -0.982843
-0.0190165 4.00191 -0.92086
-0.0270481 4.00534 -0.884557
-0.0270481 4.00534 -0.884557
-0.0350796 4.00877 -0.848255
-0.0463968 4.01004 -0.793893
-0.052226 4.01055 -0.769872

0.947231
2
0 0 0
-0.0869364 4.00547 -0.736429
-0.127914 3.99151 -0.677043
-0.169558 3.98157 -0.674842
-0.169558 3.98157 -0.674842
-0.211203 3.97162 -0.672642
-0.2464 3.96274 -0.705691
-0.255277 3.95832 -0.729407

0.941127
2
0 0 0
-0.0249422 4.01604 -0.736237
-0.0321679 4.01114 -0.683145
-0.0245167 3.98301 -0.64629
-0.0245167 3.98301 -0.64629
-0.0168655 3.95488 -0.609435
-0.00869957 3.92715 -0.629528
-0.00521666 3.89857 -0.639374

0.995447
2
0 0 0
-0.06206 4.03002 -0.71836
-0.0760374 4.05015 -0.683552
-0.10978 4.06127 -0.66314
-0.10978 4.06127 -0.66314
-0.143522 4.0724 -0.642727
-0.155884 4.0841 -0.674502
-0.174222 4.08758 -0.685419

0.541522
2
0 0 0
-0.0643663 4.00049 -0.850864
-0.113642 3.99119 -0.792326
-0.171015 3.98465 -0.797708
-0.171015 3.98465 -0.797708
-0.228389 3.97812 -0.803089
-0.222308 3.97594 -0.851536
-0.239992 3.96973 -0.874341

0.313034
2
0 0 0
-0.0119724 3.99189 -0.916993
-0.0263576 3.97751 -0.878264
-0.0311404 3.96674 -0.852819
-0.0311404 3.96674 -0.852819
-0.0359233 3.95596 -0.827374
-0.0414541 3.91838 -0.81008
-0.0398117 3.88813 -0.794492

0.2017
2
0 0 0
-0.0194093 3.98494 -0.9664
-0.0303246 3.97395 -0.947676
-0.0547015 3.96664 -0.950259
-0.0547015 3.96664 -0.950259
-0.0790784 3.95933 -0.952842
-0.0756438 3.9507 -0.969472
-0.0882974 3.94635 -0.98298

0.184902
2
0 0 0
-0.00090972 3.97175 -0.966237
-0.00742943 3.96074 -0.950521
-0.0137745 3.95095 -0.9466
-0.0137745 3.95095 -0.9466
-0.0201197 3.94115 -0.942678
-0.0270927 3.93595 -0.949832
-0.0327917 3.92409 -0.942641
