7
2
0.00938866 3.99262 -1.0406
-0.000528868 3.99824 -0.986631
-0.0156575 4.01109 -0.925862
-0.0218111 4.01825 -0.885979
-0.0218111 4.01825 -0.885979
-0.0279647 4.0254 -0.846096
-0.0397284 4.03663 -0.794562
-0.045743 4.042 -0.771553

0.997379
2
0 0 0
-0.0753098 4.05934 -0.745752
-0.112294 4.0847 -0.697035
-0.142933 4.09772 -0.693648
-0.142933 4.09772 -0.693648
-0.173572 4.11075 -0.69026
-0.199483 4.13077 -0.722988
-0.220011 4.13558 -0.736293

0.884736
2
0 0 0
-0.0157326 4.02856 -0.759456
-0.027276 4.03543 -0.703136
-0.0547592 4.00746 -0.650884
-0.0547592 4.00746 -0.650884
-0.0822424 3.97949 -0.598632
-0.0875868 3.95034 -0.644949
-0.116842 3.93645 -0.655402

0.999591
2
0 0 0
-0.04188 4.06854 -0.745818
-0.0430554 4.09681 -0.72257
-0.0459334 4.11872 -0.72985
-0.0459334 4.11872 -0.72985
-0.0488114 4.14064 -0.737131
-0.0565754 4.14606 -0.774525
-0.0588039 4.15044 -0.785747

0.566032
2
0 0 0
-0.0477636 4.04414 -0.85044
-0.0958214 4.07214 -0.792703
-0.136543 4.10703 -0.795624
-0.136543 4.10703 -0.795624
-0.177265 4.14191 -0.798546
-0.177645 4.1372 -0.862015
-0.192278 4.14196 -0.880783

0.391442
2
0 0 0
-0.0259527 3.99938 -0.897079
-0.0311611 3.99593 -0.861257
-0.0352614 3.99313 -0.847591
-0.0352614 3.99313 -0.847591
-0.0393618 3.99032 -0.833925
-0.0561398 3.94983 -0.801701
-0.0610654 3.9398 -0.786558

0.162961
2
0 0 0
-0.00735917 3.9928 -0.9779
-0.00665121 3.98114 -0.959943
-0.0112855 3.9747 -0.949285
-0.0112855 3.9747 -0.949285
-0.0159199 3.96826 -0.938626
-0.0369092 3.94854 -0.938826
-0.0491729 3.94718 -0.933991

0.212064
2
0 0 0
-0.0226188 4.00407 -0.963951
-0.0237638 4.0029 -0.957067
-0.042734 4.01037 -0.951881
-0.042734 4.01037 -0.951881
-0.0617042 4.01785 -0.946694
-0.0913303 4.01318 -0.980236
-0.0991867 4.02121 -0.991618
