7
2
0.00699447 3.99173 -1.02196
2.8528e-05 3.99902 -0.988073
-0.0121712 4.0111 -0.926087
-0.0188939 4.01836 -0.890633
-0.0188939 4.01836 -0.890633
-0.0256167 4.02563 -0.855179
-0.04079 4.04168 -0.794107
-0.0492853 4.04993 -0.765242

0.856169
2
0 0 0
-0.0262122 4.04406 -0.771728
-0.026793 4.03215 -0.721732
-0.0559373 4.01449 -0.660399
-0.0559373 4.01449 -0.660399
-0.0850817 3.99683 -0.599066
-0.104185 3.9833 -0.653171
-0.137071 3.95492 -0.645661

1.00154
2
0 0 0
-0.0774733 4.06058 -0.758473
-0.0963094 4.09176 -0.701408
-0.131217 4.10941 -0.706022
-0.131217 4.10941 -0.706022
-0.166125 4.12705 -0.710636
-0.180701 4.14025 -0.727212
-0.210236 4.1495 -0.757057

0.991488
2
0 0 0
-0.0371643 4.07291 -0.760129
-0.0516882 4.07926 -0.728935
-0.0495732 4.10395 -0.738369
-0.0495732 4.10395 -0.738369
-0.0474581 4.12864 -0.747803
-0.0446151 4.13321 -0.780385
-0.0473614 4.14834 -0.788664

0.609258
2
0 0 0
-0.0460837 4.05053 -0.841777
-0.075304 4.07313 -0.799723
-0.107122 4.107 -0.796753
-0.107122 4.107 -0.796753
-0.138941 4.14087 -0.793783
-0.12812 4.15131 -0.821262
-0.150161 4.16306 -0.844333

0.415396
2
0 0 0
-0.0295136 3.99684 -0.897346
-0.0235186 4.00807 -0.877918
-0.0347032 3.99008 -0.843712
-0.0347032 3.99008 -0.843712
-0.0458877 3.9721 -0.809505
-0.0392788 3.95302 -0.800116
-0.0542306 3.95316 -0.788761

0.215671
2
0 0 0
-0.0303202 4.01329 -0.954051
-0.0390756 4.01254 -0.947158
-0.0531322 4.02162 -0.954521
-0.0531322 4.02162 -0.954521
-0.0671889 4.03069 -0.961884
-0.0776442 4.02021 -0.965325
-0.0861247 4.03218 -0.981588

0.170556
2
0 0 0
0.00131989 3.98223 -0.979947
-0.00569892 3.98277 -0.952784
-0.0138681 3.96883 -0.942543
-0.0138681 3.96883 -0.942543
-0.0220373 3.95489 -0.932302
-0.0298653 3.95045 -0.948034
-0.0436045 3.94884 -0.928194
